[1.86938869e-05 1.59334359e-05 1.34944294e-05 1.41177188e-05
 9.59653789e-06 9.03797718e-06 2.90183143e-05 3.54919794e-05
 2.17710367e-05 1.57140312e-05 1.21904659e-05 1.51566728e-05
 7.23273770e-05 2.91782417e-05 1.20911463e-05 1.98562575e-05
 2.50109206e-05 5.30532134e-06 1.63910863e-05 1.49060952e-05
 2.05097513e-05 2.81090706e-05 1.32179794e-05 2.25228596e-05
 1.71793254e-05 1.18693206e-05 1.98658181e-05 1.91552426e-05
 1.90918945e-05 1.65842648e-05 1.96724341e-05 4.38891984e-05
 2.65889157e-05 1.44596670e-05 3.17400154e-05 1.51634131e-05
 1.61102271e-05 2.48990409e-06 1.96335932e-05 3.98919838e-05
 1.24363378e-05 1.02493814e-05 1.96764886e-05 2.67006853e-05
 3.21007756e-05 1.04234150e-05 1.60266882e-05 1.14805653e-05
 1.40029942e-05 1.81203595e-05 2.82902492e-05 1.40876191e-05
 2.01433204e-06 1.61187127e-05 3.43885331e-05 1.94736549e-05
 1.00807192e-05 1.06573016e-05 2.81818939e-05 1.83524662e-05
 2.42540500e-05 1.46238272e-05 1.93428423e-05 1.61058106e-05
 2.34009822e-05 6.50760103e-06 2.72068010e-05 3.85958483e-05
 3.91894173e-05 5.69509166e-06 4.09780332e-05 8.69756877e-06
 5.03703304e-05 2.22345061e-05 4.20656361e-05 7.05200500e-06
 1.01818550e-05 2.10045364e-05 2.21688460e-05 2.00463710e-05
 1.52968860e-05 1.85386343e-05 7.62594791e-05 1.19001825e-05
 1.45459608e-05 1.00127163e-05 1.50628121e-05 1.90205228e-05
 1.12713671e-07 3.37453675e-05 2.40261597e-05 9.20941329e-06
 2.06850618e-05 1.61658354e-05 8.81047345e-06 1.66391619e-05
 8.94950608e-06 4.21407385e-05 4.27301457e-05 3.74268566e-05
 2.21433475e-05 3.53464166e-05 2.21241935e-05 5.29234494e-05
 6.81909478e-06 2.37828735e-05 2.43027607e-05 9.59770296e-06
 1.50925380e-05 2.29629422e-05 2.33213214e-05 1.40872253e-05
 1.84064193e-05 2.21941682e-05 2.84790967e-05 3.14131212e-05
 1.69986179e-05 3.15706893e-05 2.42789665e-05 2.28821627e-05
 2.30095338e-05 1.38141731e-05 1.43685756e-05 2.13109124e-05
 2.54717579e-05 1.32380346e-05 8.40408211e-06 1.05671579e-05]