[-5.50939962e-02 -4.92406636e-02  2.72149235e-01 -1.06461056e-01
  -9.28117335e-03  2.92386822e-02  3.08582988e-02 -9.06911939e-02
  -9.40654834e-04 -6.09950982e-02  1.61229953e-01  7.06522539e-02
   2.92352010e-02  9.28473100e-02  7.23420456e-02  2.77614295e-02
   6.36406019e-02 -4.01474014e-02  2.63940766e-02 -6.58836439e-02
   7.12338462e-02 -1.62331890e-02  3.54908109e-02  8.34402665e-02
   8.01963434e-02  1.07006818e-01  3.02497298e-02  5.76584451e-02
  -6.48794919e-02 -9.39043164e-02 -2.06031688e-02  6.24147952e-02
  -1.19518451e-01 -1.66141987e-01  8.19191113e-02  1.44402534e-01
  -3.28800194e-02 -3.08079068e-02  3.98126990e-02 -8.75154212e-02
   7.69122764e-02 -1.27441406e-01  2.04658762e-01 -2.83157676e-01
   1.29233170e-02  7.40186498e-02  4.54859063e-02 -4.60422151e-02
   2.54976116e-02 -1.07245639e-01 -1.55404136e-01 -1.28120869e-01
   1.64555207e-01  2.43810974e-02  3.02664265e-02  5.06191477e-02
  -7.92691931e-02  1.50332332e-01 -6.43006265e-02  1.25419945e-01
  -8.77934024e-02  2.66145289e-01 -5.32809040e-03  1.71500012e-01
   1.37768254e-01  1.67885125e-01  1.26608843e-02  1.32927045e-01
   6.53955340e-02  1.51805922e-01  1.38269812e-01 -2.97421012e-02
   1.10979818e-01  1.93360686e-01 -1.77249745e-01 -6.76698536e-02
   1.72478840e-01  9.19066593e-02  9.90877375e-02 -1.50061131e-01
  -2.36917540e-01  4.16001864e-02  1.15155861e-01  4.47676741e-02
   2.24731207e-01 -5.51129654e-02  3.99947772e-03 -1.72167569e-01
  -4.37206449e-03 -1.45864099e-01 -7.78777972e-02 -6.08463287e-02
   3.83709148e-02  7.40441456e-02 -3.81058790e-02 -1.38048604e-01
   8.32734406e-02  4.35279869e-02  2.39149794e-01 -6.71106996e-03
  -1.81902319e-01 -1.21513180e-01 -5.54268993e-02 -4.00320292e-02
   2.35833406e-01  9.14198235e-02  1.15380101e-01 -1.15793243e-01
   1.13581441e-01  1.07031330e-01 -2.21126787e-02 -1.55270204e-01
   1.41887099e-01 -1.66754171e-01  1.46755591e-01 -7.54408389e-02
   2.30193604e-03 -2.63680704e-02 -3.34651805e-02  5.59366941e-02
  -5.46295717e-02 -8.66857842e-02 -8.19930574e-05  7.61804655e-02
   4.42616120e-02 -8.52390602e-02 -9.85676348e-02 -9.22655836e-02
-5.50939962e-02 -4.92406636e-02  2.72149235e-01 -1.06461056e-01
  -9.28117335e-03  2.92386822e-02  3.08582988e-02 -9.06911939e-02
  -9.40654834e-04 -6.09950982e-02  1.61229953e-01  7.06522539e-02
   2.92352010e-02  9.28473100e-02  7.23420456e-02  2.77614295e-02
   6.36406019e-02 -4.01474014e-02  2.63940766e-02 -6.58836439e-02
   7.12338462e-02 -1.62331890e-02  3.54908109e-02  8.34402665e-02
   8.01963434e-02  1.07006818e-01  3.02497298e-02  5.76584451e-02
  -6.48794919e-02 -9.39043164e-02 -2.06031688e-02  6.24147952e-02
  -1.19518451e-01 -1.66141987e-01  8.19191113e-02  1.44402534e-01
  -3.28800194e-02 -3.08079068e-02  3.98126990e-02 -8.75154212e-02
   7.69122764e-02 -1.27441406e-01  2.04658762e-01 -2.83157676e-01
   1.29233170e-02  7.40186498e-02  4.54859063e-02 -4.60422151e-02
   2.54976116e-02 -1.07245639e-01 -1.55404136e-01 -1.28120869e-01
   1.64555207e-01  2.43810974e-02  3.02664265e-02  5.06191477e-02
  -7.92691931e-02  1.50332332e-01 -6.43006265e-02  1.25419945e-01
  -8.77934024e-02  2.66145289e-01 -5.32809040e-03  1.71500012e-01
   1.37768254e-01  1.67885125e-01  1.26608843e-02  1.32927045e-01
   6.53955340e-02  1.51805922e-01  1.38269812e-01 -2.97421012e-02
   1.10979818e-01  1.93360686e-01 -1.77249745e-01 -6.76698536e-02
   1.72478840e-01  9.19066593e-02  9.90877375e-02 -1.50061131e-01
  -2.36917540e-01  4.16001864e-02  1.15155861e-01  4.47676741e-02
   2.24731207e-01 -5.51129654e-02  3.99947772e-03 -1.72167569e-01
  -4.37206449e-03 -1.45864099e-01 -7.78777972e-02 -6.08463287e-02
   3.83709148e-02  7.40441456e-02 -3.81058790e-02 -1.38048604e-01
   8.32734406e-02  4.35279869e-02  2.39149794e-01 -6.71106996e-03
  -1.81902319e-01 -1.21513180e-01 -5.54268993e-02 -4.00320292e-02
   2.35833406e-01  9.14198235e-02  1.15380101e-01 -1.15793243e-01
   1.13581441e-01  1.07031330e-01 -2.21126787e-02 -1.55270204e-01
   1.41887099e-01 -1.66754171e-01  1.46755591e-01 -7.54408389e-02
   2.30193604e-03 -2.63680704e-02 -3.34651805e-02  5.59366941e-02
  -5.46295717e-02 -8.66857842e-02 -8.19930574e-05  7.61804655e-02
   4.42616120e-02 -8.52390602e-02 -9.85676348e-02 -9.22655836e-02
-5.50939962e-02 -4.92406636e-02  2.72149235e-01 -1.06461056e-01
  -9.28117335e-03  2.92386822e-02  3.08582988e-02 -9.06911939e-02
  -9.40654834e-04 -6.09950982e-02  1.61229953e-01  7.06522539e-02
   2.92352010e-02  9.28473100e-02  7.23420456e-02  2.77614295e-02
   6.36406019e-02 -4.01474014e-02  2.63940766e-02 -6.58836439e-02
   7.12338462e-02 -1.62331890e-02  3.54908109e-02  8.34402665e-02
   8.01963434e-02  1.07006818e-01  3.02497298e-02  5.76584451e-02
  -6.48794919e-02 -9.39043164e-02 -2.06031688e-02  6.24147952e-02
  -1.19518451e-01 -1.66141987e-01  8.19191113e-02  1.44402534e-01
  -3.28800194e-02 -3.08079068e-02  3.98126990e-02 -8.75154212e-02
   7.69122764e-02 -1.27441406e-01  2.04658762e-01 -2.83157676e-01
   1.29233170e-02  7.40186498e-02  4.54859063e-02 -4.60422151e-02
   2.54976116e-02 -1.07245639e-01 -1.55404136e-01 -1.28120869e-01
   1.64555207e-01  2.43810974e-02  3.02664265e-02  5.06191477e-02
  -7.92691931e-02  1.50332332e-01 -6.43006265e-02  1.25419945e-01
  -8.77934024e-02  2.66145289e-01 -5.32809040e-03  1.71500012e-01
   1.37768254e-01  1.67885125e-01  1.26608843e-02  1.32927045e-01
   6.53955340e-02  1.51805922e-01  1.38269812e-01 -2.97421012e-02
   1.10979818e-01  1.93360686e-01 -1.77249745e-01 -6.76698536e-02
   1.72478840e-01  9.19066593e-02  9.90877375e-02 -1.50061131e-01
  -2.36917540e-01  4.16001864e-02  1.15155861e-01  4.47676741e-02
   2.24731207e-01 -5.51129654e-02  3.99947772e-03 -1.72167569e-01
  -4.37206449e-03 -1.45864099e-01 -7.78777972e-02 -6.08463287e-02
   3.83709148e-02  7.40441456e-02 -3.81058790e-02 -1.38048604e-01
   8.32734406e-02  4.35279869e-02  2.39149794e-01 -6.71106996e-03
  -1.81902319e-01 -1.21513180e-01 -5.54268993e-02 -4.00320292e-02
   2.35833406e-01  9.14198235e-02  1.15380101e-01 -1.15793243e-01
   1.13581441e-01  1.07031330e-01 -2.21126787e-02 -1.55270204e-01
   1.41887099e-01 -1.66754171e-01  1.46755591e-01 -7.54408389e-02
   2.30193604e-03 -2.63680704e-02 -3.34651805e-02  5.59366941e-02
  -5.46295717e-02 -8.66857842e-02 -8.19930574e-05  7.61804655e-02
   4.42616120e-02 -8.52390602e-02 -9.85676348e-02 -9.22655836e-02
-5.50939962e-02 -4.92406636e-02  2.72149235e-01 -1.06461056e-01
  -9.28117335e-03  2.92386822e-02  3.08582988e-02 -9.06911939e-02
  -9.40654834e-04 -6.09950982e-02  1.61229953e-01  7.06522539e-02
   2.92352010e-02  9.28473100e-02  7.23420456e-02  2.77614295e-02
   6.36406019e-02 -4.01474014e-02  2.63940766e-02 -6.58836439e-02
   7.12338462e-02 -1.62331890e-02  3.54908109e-02  8.34402665e-02
   8.01963434e-02  1.07006818e-01  3.02497298e-02  5.76584451e-02
  -6.48794919e-02 -9.39043164e-02 -2.06031688e-02  6.24147952e-02
  -1.19518451e-01 -1.66141987e-01  8.19191113e-02  1.44402534e-01
  -3.28800194e-02 -3.08079068e-02  3.98126990e-02 -8.75154212e-02
   7.69122764e-02 -1.27441406e-01  2.04658762e-01 -2.83157676e-01
   1.29233170e-02  7.40186498e-02  4.54859063e-02 -4.60422151e-02
   2.54976116e-02 -1.07245639e-01 -1.55404136e-01 -1.28120869e-01
   1.64555207e-01  2.43810974e-02  3.02664265e-02  5.06191477e-02
  -7.92691931e-02  1.50332332e-01 -6.43006265e-02  1.25419945e-01
  -8.77934024e-02  2.66145289e-01 -5.32809040e-03  1.71500012e-01
   1.37768254e-01  1.67885125e-01  1.26608843e-02  1.32927045e-01
   6.53955340e-02  1.51805922e-01  1.38269812e-01 -2.97421012e-02
   1.10979818e-01  1.93360686e-01 -1.77249745e-01 -6.76698536e-02
   1.72478840e-01  9.19066593e-02  9.90877375e-02 -1.50061131e-01
  -2.36917540e-01  4.16001864e-02  1.15155861e-01  4.47676741e-02
   2.24731207e-01 -5.51129654e-02  3.99947772e-03 -1.72167569e-01
  -4.37206449e-03 -1.45864099e-01 -7.78777972e-02 -6.08463287e-02
   3.83709148e-02  7.40441456e-02 -3.81058790e-02 -1.38048604e-01
   8.32734406e-02  4.35279869e-02  2.39149794e-01 -6.71106996e-03
  -1.81902319e-01 -1.21513180e-01 -5.54268993e-02 -4.00320292e-02
   2.35833406e-01  9.14198235e-02  1.15380101e-01 -1.15793243e-01
   1.13581441e-01  1.07031330e-01 -2.21126787e-02 -1.55270204e-01
   1.41887099e-01 -1.66754171e-01  1.46755591e-01 -7.54408389e-02
   2.30193604e-03 -2.63680704e-02 -3.34651805e-02  5.59366941e-02
  -5.46295717e-02 -8.66857842e-02 -8.19930574e-05  7.61804655e-02
   4.42616120e-02 -8.52390602e-02 -9.85676348e-02 -9.22655836e-02
-5.50939962e-02 -4.92406636e-02  2.72149235e-01 -1.06461056e-01
  -9.28117335e-03  2.92386822e-02  3.08582988e-02 -9.06911939e-02
  -9.40654834e-04 -6.09950982e-02  1.61229953e-01  7.06522539e-02
   2.92352010e-02  9.28473100e-02  7.23420456e-02  2.77614295e-02
   6.36406019e-02 -4.01474014e-02  2.63940766e-02 -6.58836439e-02
   7.12338462e-02 -1.62331890e-02  3.54908109e-02  8.34402665e-02
   8.01963434e-02  1.07006818e-01  3.02497298e-02  5.76584451e-02
  -6.48794919e-02 -9.39043164e-02 -2.06031688e-02  6.24147952e-02
  -1.19518451e-01 -1.66141987e-01  8.19191113e-02  1.44402534e-01
  -3.28800194e-02 -3.08079068e-02  3.98126990e-02 -8.75154212e-02
   7.69122764e-02 -1.27441406e-01  2.04658762e-01 -2.83157676e-01
   1.29233170e-02  7.40186498e-02  4.54859063e-02 -4.60422151e-02
   2.54976116e-02 -1.07245639e-01 -1.55404136e-01 -1.28120869e-01
   1.64555207e-01  2.43810974e-02  3.02664265e-02  5.06191477e-02
  -7.92691931e-02  1.50332332e-01 -6.43006265e-02  1.25419945e-01
  -8.77934024e-02  2.66145289e-01 -5.32809040e-03  1.71500012e-01
   1.37768254e-01  1.67885125e-01  1.26608843e-02  1.32927045e-01
   6.53955340e-02  1.51805922e-01  1.38269812e-01 -2.97421012e-02
   1.10979818e-01  1.93360686e-01 -1.77249745e-01 -6.76698536e-02
   1.72478840e-01  9.19066593e-02  9.90877375e-02 -1.50061131e-01
  -2.36917540e-01  4.16001864e-02  1.15155861e-01  4.47676741e-02
   2.24731207e-01 -5.51129654e-02  3.99947772e-03 -1.72167569e-01
  -4.37206449e-03 -1.45864099e-01 -7.78777972e-02 -6.08463287e-02
   3.83709148e-02  7.40441456e-02 -3.81058790e-02 -1.38048604e-01
   8.32734406e-02  4.35279869e-02  2.39149794e-01 -6.71106996e-03
  -1.81902319e-01 -1.21513180e-01 -5.54268993e-02 -4.00320292e-02
   2.35833406e-01  9.14198235e-02  1.15380101e-01 -1.15793243e-01
   1.13581441e-01  1.07031330e-01 -2.21126787e-02 -1.55270204e-01
   1.41887099e-01 -1.66754171e-01  1.46755591e-01 -7.54408389e-02
   2.30193604e-03 -2.63680704e-02 -3.34651805e-02  5.59366941e-02
  -5.46295717e-02 -8.66857842e-02 -8.19930574e-05  7.61804655e-02
   4.42616120e-02 -8.52390602e-02 -9.85676348e-02 -9.22655836e-02
-5.50939962e-02 -4.92406636e-02  2.72149235e-01 -1.06461056e-01
  -9.28117335e-03  2.92386822e-02  3.08582988e-02 -9.06911939e-02
  -9.40654834e-04 -6.09950982e-02  1.61229953e-01  7.06522539e-02
   2.92352010e-02  9.28473100e-02  7.23420456e-02  2.77614295e-02
   6.36406019e-02 -4.01474014e-02  2.63940766e-02 -6.58836439e-02
   7.12338462e-02 -1.62331890e-02  3.54908109e-02  8.34402665e-02
   8.01963434e-02  1.07006818e-01  3.02497298e-02  5.76584451e-02
  -6.48794919e-02 -9.39043164e-02 -2.06031688e-02  6.24147952e-02
  -1.19518451e-01 -1.66141987e-01  8.19191113e-02  1.44402534e-01
  -3.28800194e-02 -3.08079068e-02  3.98126990e-02 -8.75154212e-02
   7.69122764e-02 -1.27441406e-01  2.04658762e-01 -2.83157676e-01
   1.29233170e-02  7.40186498e-02  4.54859063e-02 -4.60422151e-02
   2.54976116e-02 -1.07245639e-01 -1.55404136e-01 -1.28120869e-01
   1.64555207e-01  2.43810974e-02  3.02664265e-02  5.06191477e-02
  -7.92691931e-02  1.50332332e-01 -6.43006265e-02  1.25419945e-01
  -8.77934024e-02  2.66145289e-01 -5.32809040e-03  1.71500012e-01
   1.37768254e-01  1.67885125e-01  1.26608843e-02  1.32927045e-01
   6.53955340e-02  1.51805922e-01  1.38269812e-01 -2.97421012e-02
   1.10979818e-01  1.93360686e-01 -1.77249745e-01 -6.76698536e-02
   1.72478840e-01  9.19066593e-02  9.90877375e-02 -1.50061131e-01
  -2.36917540e-01  4.16001864e-02  1.15155861e-01  4.47676741e-02
   2.24731207e-01 -5.51129654e-02  3.99947772e-03 -1.72167569e-01
  -4.37206449e-03 -1.45864099e-01 -7.78777972e-02 -6.08463287e-02
   3.83709148e-02  7.40441456e-02 -3.81058790e-02 -1.38048604e-01
   8.32734406e-02  4.35279869e-02  2.39149794e-01 -6.71106996e-03
  -1.81902319e-01 -1.21513180e-01 -5.54268993e-02 -4.00320292e-02
   2.35833406e-01  9.14198235e-02  1.15380101e-01 -1.15793243e-01
   1.13581441e-01  1.07031330e-01 -2.21126787e-02 -1.55270204e-01
   1.41887099e-01 -1.66754171e-01  1.46755591e-01 -7.54408389e-02
   2.30193604e-03 -2.63680704e-02 -3.34651805e-02  5.59366941e-02
  -5.46295717e-02 -8.66857842e-02 -8.19930574e-05  7.61804655e-02
   4.42616120e-02 -8.52390602e-02 -9.85676348e-02 -9.22655836e-02
   1.41887099e-01 -1.66754171e-01  1.46755591e-01 -7.54408389e-02
   2.30193604e-03 -2.63680704e-02 -3.34651805e-02  5.59366941e-02
  -5.46295717e-02 -8.66857842e-02 -8.19930574e-05  7.61804655e-02
   4.42616120e-02 -8.52390602e-02 -9.85676348e-02 -9.22655836e-02]